name: epillepsy_rl
channels:
  - conda-forge
  - defaults
dependencies:
  - asttokens=2.2.1=pyhd8ed1ab_0
  - backcall=0.2.0=pyh9f0ad1d_0
  - backports=1.0=pyhd8ed1ab_3
  - backports.functools_lru_cache=1.6.4=pyhd8ed1ab_0
  - bzip2=1.0.8=h8ffe710_4
  - ca-certificates=2023.5.7=h56e8100_0
  - colorama=0.4.6=pyhd8ed1ab_0
  - comm=0.1.3=pyhd8ed1ab_0
  - debugpy=1.6.7=py311h12c1d0e_0
  - decorator=5.1.1=pyhd8ed1ab_0
  - executing=1.2.0=pyhd8ed1ab_0
  - importlib-metadata=6.6.0=pyha770c72_0
  - importlib_metadata=6.6.0=hd8ed1ab_0
  - ipykernel=6.23.1=pyh025b116_0
  - ipython=8.14.0=pyh08f2357_0
  - jedi=0.18.2=pyhd8ed1ab_0
  - jupyter_client=8.2.0=pyhd8ed1ab_0
  - jupyter_core=5.3.0=py311h1ea47a8_0
  - libexpat=2.5.0=h63175ca_1
  - libffi=3.4.2=h8ffe710_5
  - libsodium=1.0.18=h8d14728_1
  - libsqlite=3.42.0=hcfcfb64_0
  - libzlib=1.2.13=hcfcfb64_5
  - matplotlib-inline=0.1.6=pyhd8ed1ab_0
  - nest-asyncio=1.5.6=pyhd8ed1ab_0
  - openssl=3.1.1=hcfcfb64_1
  - packaging=23.1=pyhd8ed1ab_0
  - parso=0.8.3=pyhd8ed1ab_0
  - pickleshare=0.7.5=py_1003
  - pip=23.1.2=pyhd8ed1ab_0
  - platformdirs=3.5.3=pyhd8ed1ab_0
  - prompt-toolkit=3.0.38=pyha770c72_0
  - prompt_toolkit=3.0.38=hd8ed1ab_0
  - psutil=5.9.5=py311ha68e1ae_0
  - pure_eval=0.2.2=pyhd8ed1ab_0
  - pygments=2.15.1=pyhd8ed1ab_0
  - python=3.11.4=h2628c8c_0_cpython
  - python-dateutil=2.8.2=pyhd8ed1ab_0
  - python_abi=3.11=3_cp311
  - pywin32=304=py311h12c1d0e_2
  - pyzmq=25.1.0=py311h7b3f143_0
  - setuptools=67.7.2=pyhd8ed1ab_0
  - six=1.16.0=pyh6c4a22f_0
  - stack_data=0.6.2=pyhd8ed1ab_0
  - tk=8.6.12=h8ffe710_0
  - tornado=6.3.2=py311ha68e1ae_0
  - traitlets=5.9.0=pyhd8ed1ab_0
  - typing-extensions=4.6.3=hd8ed1ab_0
  - typing_extensions=4.6.3=pyha770c72_0
  - ucrt=10.0.22621.0=h57928b3_0
  - vc=14.3=hb25d44b_16
  - vc14_runtime=14.34.31931=h5081d32_16
  - vs2015_runtime=14.34.31931=hed1258a_16
  - wcwidth=0.2.6=pyhd8ed1ab_0
  - wheel=0.40.0=pyhd8ed1ab_0
  - xz=5.2.6=h8d14728_0
  - zeromq=4.3.4=h0e60522_1
  - zipp=3.15.0=pyhd8ed1ab_0
  - pip:
      - absl-py==1.4.0
      - astunparse==1.6.3
      - cachetools==5.3.1
      - certifi==2023.5.7
      - charset-normalizer==3.1.0
      - contourpy==1.1.0
      - cycler==0.11.0
      - flatbuffers==23.5.26
      - fonttools==4.40.0
      - gast==0.4.0
      - google-auth==2.20.0
      - google-auth-oauthlib==1.0.0
      - google-pasta==0.2.0
      - grpcio==1.54.2
      - h5py==3.8.0
      - idna==3.4
      - jax==0.4.12
      - joblib==1.2.0
      - keras==2.12.0
      - kiwisolver==1.4.4
      - libclang==16.0.0
      - markdown==3.4.3
      - markupsafe==2.1.3
      - matplotlib==3.7.1
      - ml-dtypes==0.2.0
      - numpy==1.23.5
      - oauthlib==3.2.2
      - opt-einsum==3.3.0
      - pandas==2.0.2
      - pillow==9.5.0
      - protobuf==4.23.3
      - pyasn1==0.5.0
      - pyasn1-modules==0.3.0
      - pyedflib==0.1.32
      - pyparsing==3.0.9
      - pytz==2023.3
      - requests==2.31.0
      - requests-oauthlib==1.3.1
      - rsa==4.9
      - scikit-learn==1.2.2
      - scipy==1.10.1
      - tensorboard==2.12.3
      - tensorboard-data-server==0.7.1
      - tensorflow==2.12.0
      - tensorflow-estimator==2.12.0
      - tensorflow-intel==2.12.0
      - tensorflow-io-gcs-filesystem==0.31.0
      - termcolor==2.3.0
      - threadpoolctl==3.1.0
      - tzdata==2023.3
      - urllib3==1.26.16
      - werkzeug==2.3.6
      - wrapt==1.14.1
